31E0 008 0000000001001E00
31E0 008 0000000001006400
31E0 008 0000000001006400
31E0 008 0000000001006400
31E0 008 0000000001001E00
31E0 008 0000000001006400
31E0 008 0000000001001E00
31E0 008 0000000001001E00
31E0 008 0000000001001E00
31E0 008 0000000001001E00
31E0 008 0000000001006400
31E0 008 0000000001006400
31E0 008 0000000001006400
31E0 008 0000000001001E00
31E0 008 0000000001001E00
31E0 008 0000000001006400
31E0 008 0000000001001E00
31E0 008 0000000001006400
31E0 008 0000000001001E00
31E0 008 0000000001001E00
31E0 008 0000000001001E00
31E0 008 0000000001006400
31E0 008 0000000001006400
31E0 008 0000000001006400
31E0 008 0000000001001E00
31E0 008 0000000001006400
31E0 008 0000000001001E00
31E0 008 0000000001006400
31E0 008 0000000001001E00
31E0 003 000000
31E0 003 000000
31E0 003 000000
31E0 008 0000000001001E00
31E0 008 0000000001001E00
31E0 008 0000000001006400
31E0 008 0000000001006400
31E0 008 0000000001006400
31E0 008 0000000001001E00
31E0 008 0000000001001E00
31E0 008 0000000001006400
31E0 008 0000000001001E00
31E0 008 0000000001006400
31E0 008 0000000001001E00
31E0 008 0000000001001E00
31E0 008 0000000001001E00
31E0 008 0000000001006400
31E0 008 0000000001006400
31E0 008 0000000001006400
31E0 008 0000000001001E00
31E0 008 0000000001006400
31E0 008 0000000001001E00
31E0 008 0000000001006400
31E0 008 0000000001001E00
31E0 008 0000000001001E00
31E0 008 0000000001006400
31E0 008 0000000001006400
31E0 008 0000000001006400
31E0 008 0000000001001E00
31E0 008 0000000001001E00
31E0 008 0000000001001E00
31E0 008 0000000001006400
31E0 008 0000000001001E00
31E0 008 0000000001006400
31E0 003 000000
31E0 003 000000
31E0 003 000000
31E0 008 0000000001001E00
31E0 008 0000000001001E00
31E0 008 0000000001006400
31E0 008 0000000001006400
31E0 008 0000000001006400
31E0 008 0000000001001E00
31E0 008 0000000001001E00
31E0 008 0000000001006400
31E0 008 0000000001001E00
31E0 008 0000000001006400
31E0 008 0000000001001E00
31E0 008 0000000001001E00
31E0 008 0000000001006400
31E0 008 0000000001006400
31E0 008 0000000001001E00
31E0 008 0000000001001E00
31E0 008 0000000001006400
31E0 008 0000000001001E00
31E0 008 0000000001006400
31E0 008 0000000001001E00
31E0 008 0000000001006400
31E0 008 0000000001006400
31E0 008 0000000001006400
31E0 008 0000000001001E00
31E0 008 0000000001001E00
31E0 008 0000000001001E00
31E0 008 0000000001006400
31E0 008 0000000001001E00
31E0 003 000000
31E0 003 000000
31E0 003 000000
31E0 008 0000000001006400
31E0 008 0000000001006400
31E0 008 0000000001006400
31E0 008 0000000001001E00
31E0 008 0000000001001E00
31E0 008 0000000001001E00
31E0 008 0000000001006400
31E0 008 0000000001001E00
31E0 008 0000000001001E00
31E0 008 0000000001001E00
31E0 008 0000000001001E00
31E0 008 0000000001001E00
31E0 008 0000000001006400
31E0 008 0000000001001E00
31E0 008 0000000001001E00
31E0 008 0000000001006400
31E0 008 0000000001001E00
31E0 008 0000000001001E00
31E0 008 0000000001001E00
31E0 008 0000000001001E00
31E0 008 0000000001006400
31E0 008 0000000001001E00
31E0 008 0000000001001E00
31E0 008 0000000001006400
31E0 008 0000000001001E00
31E0 008 0000000001001E00
31E0 003 000000
31E0 003 000000
31E0 003 000000
31E0 008 0000000001001E00
31E0 008 0000000001001E00
31E0 008 0000000001001E00
31E0 008 0000000001001E00
31E0 008 0000000001006400
31E0 008 0000000001001E00
31E0 008 0000000001001E00
31E0 008 0000000001006400
31E0 008 0000000001001E00
31E0 008 0000000001001E00
31E0 008 0000000001001E00
31E0 008 0000000001001E00
31E0 008 0000000001001E00
31E0 008 0000000001001E00
31E0 008 0000000001006400
31E0 008 0000000001006400
31E0 008 0000000001001E00
31E0 008 0000000001001E00
31E0 008 0000000001001E00
31E0 008 0000000001001E00
31E0 008 0000000001001E00
31E0 008 000000000100AA00
31E0 008 0000000001001E00
31E0 008 00001A000100AA00
31E0 008 0000000001001E00
31E0 008 00001E000100AA00
31E0 008 0000000001006400
31E0 008 0000000001001E00
31E0 008 0000000001001E00
31E0 008 000000000100AA00
31E0 008 00002C000100AA00
31E0 008 000000000100AA00
31E0 008 0000000001006400
31E0 008 0000000001001E00
31E0 008 0000000001006400
31E0 008 0000000001001E00
31E0 008 000000000100AA00
31E0 008 0000000001001E00
31E0 008 000000000100AA00
31E0 008 000000000100AA00
31E0 008 0000000001006400
31E0 008 0000000001001E00
31E0 008 0000000001006400
31E0 008 0000000001001E00
31E0 008 0000000001001E00
31E0 008 0000000001001E00
31E0 008 0000000001006400
31E0 008 000000000100AA00
31E0 008 0000000001001E00
31E0 008 0000000001001E00
31E0 008 000000000100AA00
31E0 008 0000000001001E00
31E0 008 000000000100AA00
31E0 008 0000000001001E00
31E0 008 0000000001001E00
31E0 008 000000000100AA00
31E0 008 0000000001006400
31E0 008 000000000100AA00
31E0 008 0000000001001E00
31E0 008 0000000001001E00
31E0 008 0000000001001E00
31E0 008 000000000100AA00
31E0 008 0000000001001E00
31E0 008 0000000001006400
31E0 008 0000000001001E00
31E0 008 000000000100AA00
31E0 008 000000000100AA00
31E0 008 000000000100AA00
31E0 008 0000000001001E00
31E0 008 0000000001001E00
31E0 008 0000000001001E00
31E0 008 0000000001001E00
31E0 008 0000000001006400
31E0 008 0000000001006400
31E0 008 0000000001006400
31E0 008 0000000001001E00
31E0 008 000000000100AA00
31E0 008 000000000100AA00
31E0 008 0000000001001E00
31E0 008 000000000100AA00
31E0 008 0000000001001E00
31E0 008 000000000100AA00
31E0 008 0000000001001E00
31E0 008 000016000100AA00
31E0 008 0000000001001E00
31E0 008 000000000100AA00
31E0 008 000012000100AA00
31E0 008 000046000100AA00
31E0 008 0000000001001E00
31E0 008 0000000001001E00
31E0 008 000056000100AA00
31E0 008 00000E000100AA00
31E0 008 0000000001001E00
31E0 008 000000000100AA00
31E0 008 0000000001006400
31E0 008 00003A000100AA00
31E0 008 0000000001006400
31E0 008 0000000001001E00
31E0 008 000000000100AA00
31E0 008 0000000001001E00
31E0 008 000002000100AA00
31E0 008 000000000100AA00
31E0 008 000000000100AA00
31E0 008 0000000001001E00
31E0 008 0000000001001E00
31E0 008 0000000001001E00
31E0 008 000000000100AA00
31E0 008 0000000001001E00
31E0 008 00000E000100AA00
31E0 008 000000000100AA00
31E0 008 0000000001001E00
31E0 008 0000000001001E00
31E0 008 000000000100AA00
31E0 008 0000000001001E00
31E0 008 000036000100AA00
31E0 008 0000000001006400
31E0 008 0000000001006400
31E0 008 0000000001001E00
31E0 008 0000C8000100AA00
31E0 008 0000000001001E00
31E0 008 000000000100AA00
31E0 008 000028000100AA00
31E0 008 0000000001001E00
31E0 008 0000000001001E00
31E0 008 0000000001001E00
31E0 008 00005C000100AA00
31E0 008 000020000100AA00
31E0 008 000056000100AA00
31E0 008 0000000001001E00
31E0 008 000000000100AA00
31E0 008 0000000001001E00
